image: OBSTACLES.png
resolution: 0.062500
origin: [-78.21853769831466,-44.37590462453829, 0.000000]
negate: 0
occupied_thresh: 0.45
free_thresh: 0.196
starting_angle: 1.5707963267948966 # 90 degrees in radians
default_resolution: 0.062500